0 442 364 337 416 491 468
442 0 107 416 326 501 173
364 107 0 295 262 498 67
337 416 295 0 3 214 410
416 326 262 3 0 332 298
491 501 498 214 332 0 483
468 173 67 410 298 483 0